,Adagrad,CloseForm,GD
0,25.499374410680165,25.326107450984154,24.531581442626774
1,64.51552074427212,63.5152514558228,61.86187596596848
2,19.105967966874328,18.896888053892944,22.1534802736077
3,28.86426411448602,29.199515021875968,29.191094662630462
4,9.304040867406329,9.207688920292556,9.790288467218481
5,31.64039739941095,33.51912721041303,26.184156116083905
6,41.30193444274282,40.97787341216536,41.214896459904224
7,16.848547396014965,18.185739813399874,16.771014460076398
8,51.5339460272202,52.68451789724814,51.18642793066195
9,32.72907886884697,32.30614511821703,29.9439021768751
10,37.90973027420536,38.442188237712124,37.86007169689085
11,58.80247044433599,58.99825879296098,55.11272140963908
12,35.42395927373964,35.42465247274565,37.34244715856107
13,40.01067076203338,41.68032295852133,32.02896049543889
14,28.27531985053368,26.426910675035522,29.882046142057384
15,12.197927649783727,12.98088507051109,11.34005372603784
16,51.370157073440765,52.01287852456926,53.59862469616061
17,23.11457308237502,23.94653347569598,21.489042117075734
18,16.59509777349684,18.30377497861141,13.52953463274861
19,18.211725718564885,19.351958585500526,15.223443126253274
20,15.532184894816996,15.896275544594442,17.769974600369082
21,30.144341595830234,31.4363354509788,30.391106782399138
22,39.51971707896076,39.251822441185226,38.944816413881
23,10.137273628925174,11.178214618870623,12.426781979612521
24,61.19445429296124,61.22125440133561,61.06560120397616
25,46.2592498765976,45.768046938869325,43.72896079608539
26,27.26005123573896,29.005504525476383,24.87760890557259
27,7.2923405494418745,6.10910585024461,8.303108128182565
28,29.39901742351575,28.62220590406804,29.713881165214634
29,35.796496775965686,37.31298259578791,34.737504347068224
30,18.03274593012453,18.31807198943859,14.37560846363029
31,11.571883230684438,11.245570944558436,10.673144831573557
32,16.73038421072707,16.454661146032652,14.908471154411853
33,7.6771858138979345,7.6757197483741635,8.107396413302286
34,16.09360362602952,14.985189018548635,16.021045533922823
35,42.847003583019145,41.851496650870075,43.79706805851377
36,22.233285694555597,21.800742295432045,23.603370235474678
37,27.60542922819388,27.612506223691017,28.22457598416449
38,10.127699497038655,3.71825287495707,12.281137129892777
39,57.73630041706468,59.53622690713537,57.211696449885636
40,46.923005705298756,48.135319374690866,43.933087846102225
41,20.064553811723012,20.28961123063329,24.42855437558082
42,53.21199647507509,52.57284465811359,51.585449339732165
43,18.472813136492743,19.195920738219897,19.187184482775486
44,44.29363571552076,45.309440553572394,40.72797789998724
45,49.92935299753305,48.54739544607891,51.08019771293848
46,57.89181226442679,57.33710228498987,58.12516973538199
47,40.93237937593328,41.62526759524043,41.30452968108972
48,55.16779218676339,55.72370167157664,50.5855406720299
49,39.48412343771377,39.79387376872714,34.64202799610224
50,30.653120733840332,30.76943880290668,31.394632604506853
51,23.594119689620335,23.653573319317836,21.170484461608538
52,40.51033258023436,38.85526309191043,44.24121845443682
53,24.499457193799373,23.221006022608435,24.64306828017982
54,37.01981368902662,37.274814239138145,34.457542782919965
55,38.56051661802654,38.64425561830779,39.280423115511105
56,24.52892229533627,25.578717240074592,24.22810139266175
57,21.34828701161963,22.085900403943292,20.675230573208296
58,35.619846700627185,35.47174022037778,37.778319055862816
59,32.69363445478984,31.735776833532313,35.11842970315419
60,12.576173201519198,13.279837330128052,10.258166938532488
61,22.943340599153583,21.683639518819305,30.627913226975885
62,31.79231821378686,32.36908570797557,30.826087136374817
63,53.050304511835705,53.710739999435084,46.57974830988985
64,50.066657631320645,51.092766855245586,48.22967841274507
65,26.023570708415914,26.01921478367371,26.711764394876532
66,38.188887524288745,38.165368676881165,36.98381832751112
67,52.234677864418565,53.26509448804104,51.54895316148678
68,29.18141311796889,29.023940545030655,27.48735705669455
69,39.12952097299275,40.30414682134638,39.59850357210802
70,64.94987335043814,64.53252753095998,62.25780932202083
71,55.44197435485382,55.561129798202415,57.377519988618914
72,42.44207263259071,41.823237275645354,39.698608811977934
73,14.210013072720058,14.121209768937957,15.186953629819701
74,13.954042618412208,13.855161099856055,12.998953562634204
75,35.49454135514111,36.19940095831072,34.69747294366138
76,62.978713286063496,62.89152617511914,62.51563822451064
77,2.223281385598301,2.6185294779547412,3.1747932859062287
78,41.71291093282403,40.73867956018626,43.44276429951006
79,41.90090450291974,42.36542626206666,41.61470814840382
80,8.705968766530976,7.7907700532407995,8.767674489354985
81,21.814556430657916,22.76218708968631,20.312926830154368
82,5.936044857560316,5.385380114504073,6.111368275978617
83,31.345587781840784,30.425016682908407,32.95456143989765
84,8.53426879286565,8.692695232256607,5.9830543441485595
85,4.981459211734367,5.582693771658665,6.534560848989145
86,16.84815467298755,16.836208573753602,17.179442487991246
87,11.602694755607445,10.354495554056452,11.777174518518784
88,18.899110387778624,20.46661841281142,18.678879517659755
89,23.1754962891778,25.57263491552304,20.987006888452733
90,35.253337449136694,35.29539119923831,35.21494568440307
91,12.31868183349888,11.690156178121406,11.500075868546448
92,11.95028052827502,12.570565622423167,12.776638407919922
93,9.840024841650035,9.253411963396026,12.067807509010109
94,37.59412142904066,37.32441092035132,34.77151331399551
95,15.284417275994297,15.130503948864678,15.074689394095989
96,17.120018524213634,16.4609523015774,15.158406561852209
97,9.19243013191688,9.224896585627029,8.500035190599151
98,10.799897948233827,12.010281855819208,10.16065022366999
99,4.559580784660103,4.875785811955918,9.496840929793958
100,10.35281912165568,9.699171625377454,9.063063487301502
101,18.653734063011303,17.978897738945403,20.64989667945646
102,11.714453879738612,12.395114691112177,9.456345557806745
103,8.833915577423856,7.855710892887853,10.72270468868715
104,12.65989308242982,12.955886894469405,13.638897850366657
105,36.84289925764687,36.277837588128364,33.206036592745846
106,24.151327322592042,26.598197229332552,21.297173626528032
107,7.971784598056356,7.424445872680131,9.386762540924753
108,16.855663063417865,16.889377404275663,21.39587414098712
109,15.527767043712323,14.922794763904578,17.72804551613376
110,11.587979576197727,12.245867105644388,9.872800144342682
111,15.546760675808807,17.18560666314664,12.49340327551909
112,16.53152345464354,16.105503854589028,15.940258777196593
113,25.448592975537004,26.64777782374715,20.83596663203369
114,19.587053042819328,18.966194761538482,20.454006203801196
115,15.97870684768298,16.516790230828544,16.748342903061392
116,7.575069947175432,6.094668917936886,11.305310519663886
117,44.96803596002832,46.40366176486063,39.25896772452373
118,26.061403014019444,26.99691497296052,23.221683742639655
119,0.6203382507015482,0.5186296866501436,2.913272089837721
120,-0.09754582672390277,-0.990850513504757,1.3876342008985167
121,10.326477658690813,9.344418855809996,10.006221547199718
122,12.524877883218513,12.776762949932543,11.434726498852056
123,12.257945680632979,13.007828896487498,10.488944357697731
124,7.441338094987472,7.776066551921328,7.3082201073168465
125,25.046483175230968,24.90882723510787,23.989460196382318
126,22.718230431351685,20.70137618471242,24.339440782778773
127,9.528699669568612,10.129030701908512,8.64350303169873
128,20.055582952623418,20.75041422004003,17.273789173294112
129,13.70856769494546,14.09724752502083,14.025720192707496
130,-0.4640294923666335,-0.36402885957462594,2.442026057487051
131,32.3559644856428,33.11194220665449,29.66465131335963
132,14.881047555504928,14.201272534223815,17.430566195264262
133,21.261374990442064,20.424780818142075,28.42088419570429
134,26.639515737089162,26.194472504052744,27.678696739916013
135,24.747949082781666,23.873484189858324,24.776940489823602
136,9.808289332392135,9.966753376150837,11.450486254423968
137,22.036603384363573,21.00444800002383,24.284769027237754
138,78.68900347276144,78.57279062964554,74.63165215337591
139,61.60179532394481,60.032353217491526,66.48900038422906
140,26.951325593019106,27.13389990706832,31.331072180754937
141,18.810696745216436,18.211999070039532,17.897074239702814
142,24.514153366128653,24.644712930114153,22.356837188968687
143,7.3594747725816285,7.219415883541441,6.933690989983685
144,13.307301204483453,11.735468814447618,16.037530525711965
145,9.752010301922647,10.069360314106145,10.430281641526914
146,19.38222454328045,19.625038579258373,17.807464203027852
147,7.410018243183684,8.198466311133247,8.134945991278425
148,12.740685132970295,12.862225736654079,10.602522699066956
149,15.966867343767522,15.465055039606984,14.572778447993073
150,46.32837144702519,46.329512536658335,38.96231969990532
151,20.532622629641185,21.88920023431483,15.984960766205436
152,22.035486158145687,22.043120153297078,21.359409500761377
153,14.360762795818871,14.928799909569388,11.942523544344073
154,13.941481423124351,13.962872377370765,17.43490033682555
155,23.727703928379327,25.15957695616307,25.838452588288305
156,24.92486095071626,25.58093843911052,20.054144528455197
157,36.982541259601554,36.15721871600437,35.34517500943837
158,3.7378445033440055,4.5869533601167625,6.0573814938963615
159,23.0126014799366,23.3488235210935,20.022290344538362
160,42.132090870869746,42.27474789277783,42.02808082943089
161,19.27982794346005,19.62801395883315,17.910563525332456
162,62.15636396963508,64.2868548376592,57.65945410637414
163,16.806802589824315,17.12506896408975,14.913241698297771
164,33.81598885492777,33.74071607299594,32.208542194605556
165,24.418116830433082,23.268542778432476,26.264797560928898
166,22.46829731898767,24.441169723704967,22.654317145492847
167,0.3687774729950343,0.14893924626206534,1.0020695084471312
168,68.00362529042046,66.65302870579487,66.83598414710893
169,15.986709293687225,14.959395484092973,16.872323884638092
170,15.813184037389473,15.911392311296892,15.035826896436769
171,70.64185540360671,68.5350488088751,67.83104652559933
172,20.760086538069533,20.36381401115034,18.883849678807117
173,2.009107692145928,1.7041339264664224,4.336121457323069
174,23.85951586388915,24.46054004163362,26.941665550777227
175,-0.1991781391562002,-0.5008017497194557,2.093748683648028
176,8.209385411506515,7.345329326367626,9.38874735190248
177,18.229051027167298,18.470377346547245,18.434260104663405
178,21.988388608799468,19.764236984843578,22.260480822743414
179,24.907340123280065,25.05048934347289,20.28987867301904
180,43.006245690175646,43.339008523287106,40.817255702528435
181,33.148882855961446,31.474928907537624,36.15911672861587
182,29.62573935211565,27.591894144706526,33.82343146654719
183,14.091918575589688,12.567961329139399,16.708870175854177
184,7.440269205854078,6.385602947833432,5.706014374391046
185,42.10434726369687,41.90579855366998,40.50466939310125
186,36.0955297596945,35.92612060800881,32.5170044125509
187,34.07306325492439,34.984574266105525,32.99134417938938
188,16.187975655350478,17.456575674249134,13.457308672799098
189,24.067167165176077,23.322205545105277,23.92700211932126
190,14.333896892638544,14.695874147122813,14.334426678214523
191,15.388466557769005,16.254992686975786,14.874161361184623
192,30.447286646365427,31.268610371987595,27.298092035169716
193,73.02873854327252,62.0921837286017,76.29506243004062
194,30.643216281722882,29.050381131895065,35.18778576368916
195,10.847685981455582,10.448532897835085,11.41432786198799
196,62.77102356464685,63.608560555242356,61.64643879925258
197,16.79865063219405,15.712118046061018,18.866574624756744
198,20.09871869343383,20.322352063714597,18.296912558098818
199,20.91564186543773,21.007582041629234,21.321981293176307
200,123.67204039640076,124.1345280091953,115.59045499497506
201,22.84326568035915,23.495809452987473,22.46132383317486
202,58.38502004124272,58.68774874331687,58.20729660227459
203,4.9477876250924355,6.509798108619043,6.125713422806627
204,59.82507794431153,60.34864312455029,57.5950386484476
205,35.33903053143212,37.26650437162917,30.19012336970423
206,14.831931194839733,15.190952753584455,11.83078385629743
207,14.388607629395176,14.25627253988825,17.919811325286535
208,61.5565842769399,63.262268286203884,58.897570019890296
209,14.141197477726557,14.51267702070757,17.88834138890498
210,37.325389141223695,36.101708730514446,41.99002957136105
211,68.53920629538756,69.05427763865133,66.58372503446074
212,18.7864953414511,19.06482638759578,21.66896420174202
213,113.62907498127612,113.31379965180625,116.03224046378587
214,40.71314367283516,41.42999472685875,39.45882293007042
215,76.8104882987283,78.60465896327962,73.68111636038051
216,91.74828723419873,92.51415471413748,83.28285681959873
217,71.19738087294763,72.35041747186426,69.24306209361433
218,29.82982865654064,30.783687886806593,37.427691502153934
219,19.907599695213953,18.6466827842279,26.46275688042315
220,30.63756302774449,29.63444783023604,30.483488644027624
221,57.260538426104674,57.80663616251073,57.44312098559625
222,26.5164539637371,27.971832327293093,24.235811923256126
223,38.31815545728725,38.30336742954201,36.55592200428568
224,42.81077690975275,43.82908732389522,44.632281949585646
225,10.079004662976985,10.487205727469679,9.36301920128848
226,5.426007665598905,3.3688529015305786,6.2266883530422685
227,81.1794900936798,80.4968017914057,76.99881697873937
228,30.200712853016025,31.266917211358482,27.26932885639473
229,1.537024971013511,0.930526485709315,3.041221419630527
230,40.43583132259529,41.15268450183653,39.3056683309049
231,15.38659405696152,16.419957255636945,12.568106492670426
232,22.055492369217724,21.995100383847852,21.736395659468563
233,7.4031978123054225,8.191950353396567,6.096999008592712
234,15.092978651641706,14.3062977013428,17.160897769908086
235,25.420561739117097,25.44206830795394,21.985141554255538
236,13.928641348739038,13.751781107846396,15.407562964081507
237,3.030265432216292,2.5685008028944836,4.455242237514154
238,22.143096521039183,22.011373414849317,26.01403146785906
239,12.569769312865951,11.157017132308326,13.599694569706479
